!Expedition polar
4	0	0	47.3	3.68	50	3.87	60	4.41	70.0	4.74	80	4.89	90	4.87	100	4.69	110	4.43	120	4.23	135	3.59	140.4	3.33	180	2.04
6	0	0	45.6	5.17	50	5.55	60	6.18	70.0	6.53	80	6.69	90	6.68	100	6.48	110	6.34	120	6.08	135	5.30	142.6	4.81	180	3.09
8	0	0	44.0	6.19	50	6.74	60	7.32	70.0	7.61	80	7.73	90	7.73	100	7.67	110	7.63	120	7.40	135	6.71	145.2	6.03	180	4.13
10	0	0	42.4	6.79	50	7.46	60	7.93	70.0	8.18	80	8.29	90	8.31	100	8.36	110	8.32	120	8.16	135	7.71	148.4	6.94	180	5.13
12	0	0	40.7	7.07	50	7.81	60	8.24	70.0	8.54	80	8.71	90	8.76	100	8.79	110	8.82	120	8.71	135	8.34	152.5	7.52	180	6.08
14	0	0	39.7	7.26	50	8.01	60	8.43	70.0	8.76	80	9.01	90	9.12	100	9.08	110	9.19	120	9.17	135	8.86	160.2	7.73	180	6.93
16	0	0	38.9	7.35	50	8.13	60	8.55	70.0	8.91	80	9.20	90	9.41	100	9.43	110	9.46	120	9.57	135	9.31	166.5	8.05	180	7.63
20	0	0	38.4	7.44	50	8.27	60	8.73	70.0	9.11	80	9.45	90	9.80	100	10.05	110	10.00	120	10.22	135	10.23	169.8	8.87	180	8.60
25	0	0	39.4	7.51	50	8.33	60	8.85	70.0	9.28	80	9.69	90	10.14	100	10.54	110	10.83	120	10.82	135	11.55	168.7	9.89	180	9.54
30	0	0	41.3	7.53	50	8.29	60	8.88	70.0	9.37	80	9.86	90	10.38	100	10.88	110	11.49	120	11.84	135	12.97	162.3	11.43	180	10.55
