4	0	0	46	4.52	60	5.42	70	5.81	80	5.99	90	5.96	100	5.87	110	5.89	120	5.71	130	5.27	135	4.93	137	4.78	180	2.33
6	0	0	45	6.29	60	7.51	70	7.91	80	8.08	90	8.04	100	8.23	110	8.25	120	8.02	130	7.49	135	7.09	139	6.69	180	3.53
8	0	0	43	7.42	60	8.81	70	9.12	80	9.24	90	9.28	100	9.46	110	9.54	120	9.39	130	8.99	135	8.68	142	8.01	180	4.72
10	0	0	41	7.99	60	9.4	70	9.75	80	9.93	90	9.98	100	10.15	110	10.21	120	10.24	130	9.92	135	9.65	147	8.74	180	5.87
12	0	0	40	8.33	60	9.71	70	10.11	80	10.41	90	10.52	100	10.66	110	10.78	120	10.88	130	10.69	135	10.43	152	9.2	180	6.97
14	0	0	39	8.5	60	9.93	70	10.35	80	10.72	90	11	100	11.07	110	11.37	120	11.42	130	11.45	135	11.21	154	9.77	180	7.98
16	0	0	38	8.6	60	10.1	70	10.56	80	10.97	90	11.38	100	11.59	110	11.84	120	12.02	130	12.15	135	12.02	155	10.41	180	8.87
20	0	0	38	8.76	60	10.35	70	10.88	80	11.42	90	11.94	100	12.48	110	12.73	120	13.3	130	13.42	135	13.64	149	12.59	180	10.2
25	0	0	38	8.81	60	10.52	70	11.16	80	11.82	90	12.54	100	13.4	110	14.26	120	14.74	130	15.54	135	15.64	149	15.61	180	11.81
30	0	0	40	8.82	60	10.57	70	11.31	80	12.09	90	13.06	100	14.19	110	15.38	120	16.57	130	17.44	135	18.1	151	18.97	180	13.86
