!Expedition polar
4	30	4.33	46.2	2.39	50	2.19	60	1.81	70	1.53	75	1.42	80	1.31	90	1.11	100	0.93	110	1.00	120	0.87	130	0.71	135	0.61	137.6	0.56	180	0.00
6	30	4.28	44.3	2.59	50	2.29	60	1.90	70	1.60	75	1.47	80	1.35	90	1.13	100	0.93	110	1.05	120	0.89	130	0.70	135	0.60	140.5	0.49	180	0.00
8	30	4.67	42.1	3.08	50	2.61	60	2.18	70	1.81	75	1.65	80	1.50	90	1.22	100	1.43	110	1.22	120	0.97	130	0.72	140	0.50	144.8	0.40	180	0.00
10	30	4.83	40.6	3.34	45	3.05	60	2.56	70	2.15	75	1.90	80	1.69	90	1.34	100	1.79	110	1.41	120	1.07	130	0.78	140	0.52	149.8	0.31	180	0.00
12	30	4.89	39.4	3.45	45	3.09	60	2.60	70	2.33	75	2.23	80	1.98	90	1.48	100	1.14	110	1.65	120	1.18	130	0.84	140	0.56	154.1	0.24	180	0.00
14	30	5.03	38.8	3.58	45	3.19	60	2.67	70	2.35	75	2.20	80	2.06	90	1.67	100	1.21	110	1.63	120	1.31	130	0.89	140	0.59	158.9	0.20	180	0.00
16	30	5.25	38.5	3.76	45	3.31	60	2.74	70	2.38	75	2.22	80	2.05	90	1.75	100	1.30	110	0.95	120	1.37	135	0.76	150	0.36	164.7	0.16	180	0.00
20	30	6.10	39.0	4.10	45	3.60	60	2.90	70	2.47	75	2.27	80	2.08	90	1.72	100	1.41	110	0.99	120	1.25	135	0.74	150	0.38	162.7	0.21	180	0.00
25	30	8.50	40.7	4.58	45	4.09	60	3.15	70	2.63	75	2.39	80	2.16	90	1.71	100	1.32	110	1.00	120	0.65	130	0.78	140	0.48	146.3	0.33	180	0.00
30	30	14.56	43.4	5.11	50	4.25	60	3.50	70	2.87	75	2.58	80	2.30	90	1.74	100	1.28	110	0.90	120	0.60	130	0.36	140	0.35	149.3	0.18	180	0.00
