!Expedition polar
4	30	2.4	46.2	3.6	50	3.8	60	4	70	3.9	75	3.8	80	3.5	90	3.0	100	2.2	110	2.5	120	2.0	130	1.2	135	0.9	137.6	0.8	180	0.00
6	30	5.5	44.3	8.0	50	8.5	60	8.6	70	8.0	75	7.5	80	6.9	90	5.6	100	4.3	110	5.6	120	4.4	130	2.9	135	2.2	140.5	1.5	180	0.00
8	30	10.1	42.1	14.4	50	15.6	60	14.7	70	12.6	75	11.5	80	10.3	90	8.1	100	11.7	110	9.6	120	7	130	4.6	140	2.6	144.8	1.8	180	0.00
10	30	14.8	40.6	19.0	45	20.0	60	21.2	70	19.2	75	17.0	80	14.8	90	11.0	100	19.8	110	14.8	120	10.0	130	6.4	140	3.7	149.8	1.8	180	0.00
12	30	18.0	39.4	21.2	45	22.1	60	22.3	70	22.1	75	22.9	80	20.8	90	15.0	100	10.4	110	21.5	120	13.9	130	8.5	140	4.8	154.1	1.6	180	0.00
14	30	20.3	38.8	22.7	45	22.8	60	22.4	70	22.3	75	22.4	80	22.5	90	20.3	100	13.5	110	22.2	120	19.6	130	11.3	140	6.1	158.9	1.4	180	0.00
16	30	21.9	38.5	23.0	45	23.0	60	22.5	70	22.6	75	22.7	80	22.8	90	22.8	100	17.8	110	11.0	120	22.9	135	10.9	150	3.7	164.7	1.3	180	0.00
20	30	22.3	39.0	23.6	45	23.4	60	22.9	70	23.2	75	23.3	80	23.4	90	23.5	100	23.9	110	18.2	120	24.1	135	19.0	150	5.7	162.7	2.5	180	0.00
25	30	22.6	40.7	24.1	45	23.9	60	23.6	70	24.0	75	24.1	80	24.2	90	24.6	100	25.1	110	25.4	120	18.7	130	26.3	140	23.2	146.3	13.1	180	0.00
30	30	35.0	43.4	24.6	50	24.4	60	24.4	70	24.9	75	25.0	80	25.3	90	25.9	100	26.4	110	26.9	120	27.3	130	17.6	140	29.0	149.3	16.7	180	0.00
																														
