4	30	2.52	46.9	4.27	50	4.51	60	5.11	70	5.49	80	5.65	90	5.6	100	5.74	110	5.78	120	5.63	130	5.24	135	4.94	137.4	4.77	180	2.34
5	30	3.21	46	5.21	50	5.57	60	6.25	70	6.65	80	6.82	90	6.78	100	7.02	110	7.06	120	6.89	130	6.46	135	6.11	137.8	5.87	180	2.95
6	30	3.87	45.3	6.05	50	6.5	60	7.2	70	7.59	80	7.75	90	7.85	100	8.1	110	8.14	120	7.97	130	7.51	135	7.14	139	6.77	180	3.55
7	30	4.45	44.2	6.69	50	7.27	60	7.96	70	8.32	80	8.44	90	8.63	100	8.83	110	8.88	120	8.75	130	8.36	135	8.01	140.4	7.49	180	4.15
8	30	4.96	43.4	7.2	50	7.89	60	8.5	70	8.8	80	8.93	90	9.06	100	9.28	110	9.41	120	9.34	130	8.95	135	8.65	142.5	8.02	180	4.75
9	30	5.38	42.7	7.6	50	8.33	60	8.88	70	9.2	80	9.33	90	9.36	100	9.62	110	9.8	120	9.83	130	9.46	140	8.81	145.8	8.3	180	5.34
10	30	5.73	41.8	7.82	50	8.59	60	9.16	70	9.53	80	9.7	90	9.7	100	9.91	110	10.15	120	10.27	130	9.94	140	9.29	149	8.54	180	5.91
12	30	6.25	40.4	8.09	50	8.92	60	9.49	70	9.98	80	10.36	90	10.47	100	10.47	110	10.81	120	11.05	130	10.97	140	10.26	154.8	9.18	180	7.28
14	30	6.56	39.4	8.23	50	9.12	60	9.73	70	10.29	80	10.84	90	11.23	100	11.2	110	11.4	120	11.76	130	11.98	140	11.35	156.2	10.03	180	8.38
16	30	6.71	38.9	8.31	50	9.27	60	9.93	70	10.58	80	11.2	90	11.81	100	12.15	110	12.02	120	12.51	130	12.85	140	12.65	151	11.54	180	9.17
18	30	6.74	38.8	8.38	50	9.39	60	10.1	70	10.83	80	11.53	90	12.29	100	13	110	12.98	120	13.25	130	13.71	140	13.96	148	13.22	180	9.87
20	30	6.67	39	8.44	50	9.47	60	10.24	70	11.04	80	11.85	90	12.74	100	13.62	110	14.14	120	13.98	130	14.58	140	15.08	148.6	14.66	180	10.6
25	30	6.04	40.4	8.53	50	9.55	60	10.46	70	11.43	80	12.53	90	13.72	100	14.98	110	16.23	120	16.98	130	16.89	140	18	152.2	18.82	180	13
30	30	4.86	42.9	8.6	50	9.48	60	10.51	70	11.63	80	12.98	90	14.49	100	16.16	110	18	120	19.64	130	19.68	140	20.98	156.1	22.48	180	15.89
