!Expedition polar
2	0	0	51.0	-5.7	52	-8.5	60	-7.2	70	-5.8	75	-4.6	80	-3.2	90	-9.4	110	-0.2	120	0.4	135	0	138.3	0.1	180	-0.2
6	0	0	47.0	5.9	52	6.3	60	6.2	70	5.4	75	5.0	80	4.6	90	3.8	110	3.4	120	2.6	135	1.4	141.9	0.9	180	0.0
8	0	0	44.0	11.7	52	13.7	60	12.9	70	11.0	75	9.8	80	8.5	90	10.4	110	5.2	120	3.7	135	2.1	143.7	1.3	180	0.1
10	0	0	41.6	14.9	52	17.9	60	19.2	70	16.9	75	15.2	80	13.3	90	17.2	110	8.8	120	5.0	135	2.7	150.1	1.2	180	0.1
12	0	0	40.1	17.1	52	20.1	60	21.2	70	21.8	75	20.9	80	18.5	90	23.6	110	13.1	120	7.8	135	3.4	157.0	1.1	180	0.1
14	0	0	38.9	18.7	52	21.6	60	22.5	70	23.0	80	23.1	90	17.2	110	17.7	120	11.3	135	4.1	150	2.0	164.6	1.0	180	0.2
16	0	0	38.2	19.9	52	22.7	60	23.4	70	23.8	80	23.9	90	21.3	110	22.4	120	15.0	135	5.3	150	2.5	170.2	0.9	180	0.3
20	0	0	37.5	21.6	52	24.2	60	24.7	70	25.0	80	25.3	90	25.1	110	25.7	120	22.8	135	10.2	150	3.6	173.5	1.0	180	0.5
30	0	0	36.8	23.3	52	25.7	60	26	70	26.2	80	26.7	90	28.9	110	29	120	30.6	135	15.1	150	4.7	176.8	1.1	180	0.7
