4	32	3.21	44.7	4.42	45	4.44	60	5.30	70	5.59	80	5.69	90	5.68	100	5.87	110	5.85	120	5.65	135	4.85	135.2	4.83	180	2.27
5	32	4.03	43.4	5.27	45	5.40	60	6.31	70	6.60	80	6.69	90	6.84	100	6.99	110	6.96	120	6.75	135	5.84	136.7	5.69	180	2.86
6	32	4.76	42.3	5.97	45	6.22	60	7.08	70	7.28	80	7.33	90	7.60	100	7.70	110	7.67	120	7.47	135	6.69	138.4	6.38	180	3.44
7	32	5.41	41.2	6.56	45	6.89	60	7.56	70	7.72	80	7.86	90	8.06	100	8.16	110	8.14	120	7.94	135	7.26	142.2	6.74	180	4.02
8	32	5.96	39.3	6.89	45	7.34	60	7.91	70	8.06	80	8.13	90	8.30	100	8.43	110	8.47	120	8.30	135	7.70	145.2	7.04	180	4.59
9	32	6.40	37.5	7.07	45	7.60	60	8.16	70	8.34	80	8.38	90	8.47	100	8.61	110	8.72	120	8.62	135	8.05	147.4	7.30	180	5.13
10	32	6.72	36.1	7.19	45	7.77	60	8.33	70	8.56	80	8.64	90	8.63	100	8.78	110	8.91	120	8.92	135	8.37	149.5	7.49	180	5.66
12	32	7.14	34.2	7.35	45	8.01	60	8.56	70	8.85	80	9.08	90	9.12	100	9.10	110	9.26	120	9.40	135	8.99	156.7	7.65	180	6.65
14	32	7.37	33.0	7.46	45	8.17	60	8.75	70	9.07	80	9.36	90	9.57	100	9.49	110	9.58	120	9.77	135	9.61	164.0	7.90	180	7.42
16	32	7.51	32.5	7.56	45	8.31	60	8.91	70	9.27	80	9.59	90	9.89	100	10.00	110	9.87	120	10.15	135	10.32	166.2	8.34	180	7.98
20	32	7.70	32.2	7.72	45	8.51	60	9.19	70	9.60	80	9.99	90	10.42	100	10.88	110	11.03	120	11.00	135	11.82	164.4	9.47	180	8.96
25	32	7.83	32.3	7.85	45	8.67	60	9.45	70	9.92	80	10.47	90	11.08	100	11.79	110	12.53	120	12.75	135	13.43	147.7	13.58	180	10.36
