!Expedition polar
4.0	0.0	0.00	60.0	3.40	80.0	4.00	90.0	4.00	120.0	3.40	150.0	3	165	2	180	1.8
6.0	0.0	0.00	60.0	5.10	80.0	6.00	90.0	6.00	120.0	5.10	150.0	4.5	165	2.8	180	2.4
8.0	0.0	0.00	60.0	6.80	80.0	8.00	90.0	8.00	120.0	6.80	150.0	6	165	3.4	180	3.2
10.0	0.0	0.00	60.0	7.20	80.0	8.50	90.0	8.50	120.0	7.20	150.0	6.4	165	4.2	180	3.9
12.0	0.0	0.00	60.0	7.60	80.0	8.90	90.0	8.90	120.0	7.60	150.0	6.7	165	4.8	180	4.6
14.0	0.0	0.00	60.0	7.90	80.0	9.30	90.0	9.30	120.0	7.90	150.0	7	165	6.6	180	6.3
16.0	0.0	0.00	60.0	8.20	80.0	9.60	90.0	9.60	120.0	8.20	150.0	7.2	165	8	180	7
18.0	0.0	0.00	60.0	8.30	80.0	10.00	90.0	10.00	120.0	10.00	150.0	10.7	165	9.3	180	8.8
20.0	0.0	0.00	60.0	8.40	80.0	11.60	90.0	11.00	120.0	11.00	150.0	11.3	165	9.7	180	8.9
25.0	0.0	0.00	60.0	8.50	80.0	12.00	90.0	12.00	120.0	12.00	150.0	12	165	10	180	9
