!Expedition polar
!Copyright Tasman Bay Navigation Systems Ltd
4	32	1.88	46.0	3.72	50	2.61	60	2.69	70	2.55	80	2.24	90	1.83	100	2.46	110	2.20	120	1.71	135	0.83	140.1	0.62	180	0
5	32	2.96	44.8	4.47	50	3.98	60	4.02	70	3.75	80	3.26	90	2.66	100	3.85	110	3.39	120	2.59	135	1.27	141.7	0.85	180	0
6	32	4.26	43.6	5.09	50	6.27	60	6.15	70	5.51	80	4.18	90	3.39	100	6.01	110	5.06	120	3.52	135	1.77	143.6	1.05	180	0.01
7	32	6.53	42.6	5.62	50	8.43	60	7.90	70	6.87	80	5.69	90	8.99	100	8.22	110	6.57	120	4.41	135	2.30	144.8	1.26	180	0.01
8	32	8.58	40.4	5.89	50	10.96	60	9.89	70	8.36	80	6.79	90	12.79	100	10.9	110	8.24	120	5.82	135	2.80	148.2	1.21	180	0.01
9	32	10.59	38.6	6.06	50	14.09	60	12.47	70	10.14	80	8.05	90	17.23	100	14.83	110	10.27	120	7.05	135	3.32	151.4	1.11	180	0.01
10	32	12.36	36.9	6.15	50	14.66	60	15.3	70	12.46	80	9.53	90	7.19	100	15.06	110	13.04	120	8.49	135	3.87	154.6	0.99	180	0.02
12	32	14.45	34.8	6.28	45	15.54	60	15.3	70	16.47	80	13.93	90	9.72	100	6.85	110	15.04	135	5.61	150	1.90	165.4	0.67	180	0.03
14	32	15.78	33.6	6.36	45	16.03	60	15.38	70	15.36	80	15.32	90	13.53	100	8.90	110	15.1	135	7.46	150	2.52	168.9	0.69	180	0.04
16	32	16.85	33.1	6.42	45	16.08	60	15.49	70	15.46	80	15.42	90	17.92	100	11.93	110	7.57	135	10.02	150	3.27	168.4	1.01	180	0.06
20	32	17.08	33.2	6.54	45	16.00	60	15.75	70	15.72	80	15.72	90	15.73	100	15.79	110	13.2	120	15.72	135	16.21	145.8	7.52	180	0.11
25	32	17.57	34.0	6.63	45	16.39	60	16.16	70	16.17	80	16.19	90	16.25	100	16.32	110	16.44	120	14.7	135	16.8	149.3	9.95	180	0.17
